0.5603641130092765
0.4798858505838058
0.4518395186973219
0.4327679689691848
0.42038061806634697
0.41116671046289077
0.4042276425772354
0.39777378299657035
0.3934987298580779
0.3872524705253729
0.3859827797953822
0.38597895533096893
0.37950541670081994
0.3762670658466195
0.37385975417970607
0.3746583163738251
0.3721713701716992
0.37039937702547604
0.36999044811525267
0.36808628372284546
0.36750080142201497
0.3658895382861129
0.36442311866944577
0.3632546965565
0.3648126220753213
0.36222326054292564
0.36053667058463856
0.3603017615420478
0.3591872588927005
0.3597473615858735
0.3577521146595979
0.35876107691716747
0.35714333595848885
0.35666598301975666
0.35636775215633776
0.35587503892533917
0.35562366407458523
0.35613482922566037
0.35439470440399745
0.35418364758751975
0.3538590745014303
0.35365564116910725
0.3535316668889102
0.35157736725166067
0.3523339806484575
0.3521332554957446
0.3513471955261311
0.3493283255761411
0.35074738316676196
0.34978565330765826
0.3504249664164391
0.349566551316686
0.34886531496749207
0.34863364062890284
0.34918249246953914
0.3482992855941548
0.34821979193126457
0.34808710821035527
0.3481156737614079
0.3492446573842473
0.34800819476612477
0.3474393518031144
0.3472985507059498
0.3468088185586849
0.3459320545947852
0.3465983971327293
0.34639709043402633
0.3456824356517872
0.34484341209676084
0.3456254804334721
0.3461846695978101
0.3459215447932732
0.34649362398796724
0.3444632357158581
0.3445652539990529
0.34486074698071517
0.3431851306883227
0.34475680151406457
0.3444018539510855
0.34239869696252484
0.34235745137479123
0.3416848902441874
0.3435657707082123
0.3429860880144504
0.34261362219558045
0.3424290953313603
0.34481089050028507
0.3440518007558935
0.3429355529676966
0.34222967111262953
0.34279939366989776
0.3420783009599237
0.3425156419768053
0.3419576936409253
0.34136928785748843
0.3408794900950263
0.3413939402884796
0.34146995647113865
0.34116589156519467
0.34232314446894063
0.34220641991671397
0.34111246827269803
0.34086884415450214
0.3417959089038753
0.3414050449844168
0.34018041323713893
0.3409836243180668
0.34097762566153744
0.34037959270116663
0.3405233128731992
0.3405637922908078
0.340037863670277
0.34059243966050506
0.34168733463567846
0.3408131447158942
0.34009742571526214
0.34055262643749973
0.34094161033129494
0.34152167850181836
0.3412551019372059
0.33997154746736796
0.34050263502016787
0.33967063512120926
0.33803632737708694
0.3392712712538343
0.338388191852249
0.3399747822715455
0.3390570394131316
0.33899511992931364
0.338144046468895
0.34006039169656127
0.3384206473827362
0.33839552898366915
0.3381029924925636
0.33850400881106113
0.33806708945947533
0.33768191047075413
0.3388554363190627
0.3374636648833251
0.33917934641617686
0.33853828238338984
0.33819707068575533
0.3385191864075781
0.3398789510506542
0.3393141374868505
0.34157382653040047
0.3398722049819321
0.34100055173665533
0.3398821338885972
0.3383343709867542
0.33820488352735506
0.33763036409846875
0.3376398298670264
0.3379280920790023
0.33808527681506984
0.33728004766612496
0.33758021670730176
0.33706515724418545
0.3398748639501443
0.34039014978569093
0.3377201009447835
0.337191570005497
0.3368230066880459
0.337031228902961
0.339385553693571
0.3413107139473202
0.3379935552843479
0.3368679943956247
0.3373757579997808
0.3379809159691594
0.3381366715962146
0.33688324942809195
0.33805098781565657
0.33720859201515424
0.3369220900936287
0.33713930161560285
0.33679949758934374
0.3374756004379577
0.33779025132916557
0.33720979352458186
0.3377579880612237
0.33735088250216316
0.33560315636025756
0.3374972491955557
0.33647709651654506
0.3370226837506815
0.33744492613467847
0.3369426727795801
0.33801048405531076
0.3377551222799205
0.33757936135560523
0.33534771259091484
0.33643973594954035
0.33729094136662846
0.33663955235681614
0.33777199372523975
0.33655367914368123
0.33686759990303455
0.33587372175284796
0.33498829703371064
0.3363318154040505
0.33713690743726843
0.33643433862373606
0.33671795249987047
0.3366904480116708
0.3380323966010278
0.3382666207912589
0.33878610189221486
0.33896831196396293
0.3358078762513249
0.33695624603443786
0.3352115046076414
0.33532901786956465
0.33595718621205883
0.3350472989703427
0.33501301745907597
0.33486835312943497
0.33579954752902025
0.33651385217153723
0.3360483502640444
0.3350596897241448
0.33626094460487366
0.3355109562643436
0.33546308081190124
0.33685321622535963
0.3354549778359277
0.3372593746465795
0.3348760634410281
0.33672024830549707
0.3342710514529412
0.33583495494197396
0.33681788730020285
0.33633366955929445
0.33462030955222477
0.3353440027277009
0.33506918178886924
0.3356055686453811
0.3346426415593684
0.33530997393511924
0.3345817764015759
0.33470928871831973
0.33507013098031535
0.3368023614422614
0.33614910107199886
0.3361884124138776
0.33626460297768856
0.3361066256000214
0.33462966963523577
0.3363661719971344
0.33523721852723287
0.3337999331350086
0.3341949237745349
0.3334848437740021
0.3356794063784495
0.3344803595993699
0.3341897363672737
0.3344132114358309
0.3344847857952118
0.3342658280574975
0.3338217005008409
0.3331240000845003
0.3354907855767162
0.3341253021685015
0.3349866036356998
0.33460568960975196
0.33557992943194737
0.334674782212041
0.334621398814586
0.3343411496957811
0.33437000495546004
0.3351660178989923
0.3341976555956512
0.33462063146739446
0.3334515970294215
0.33446114446435654
0.33545109319085836
0.33453946754712016
0.3326668568268544
0.33336085043534514
0.3333769684579192
0.332748871465691
0.3342844114834521
0.33352905727234206
0.33413249604842243
0.33333747712503964
0.3335785316068585
0.33302026431099707
0.3329302159177155
0.3331598941268039
0.33308123793421673
0.3328926312572816
0.3337752730405631
0.3358216315257449
0.3349664264115967
0.33301640643792996
0.3328576358176079
0.33373581125956625
0.33532767293333005
0.33404802852818943
0.3332826776664798
0.3336516868166563
0.33352432208401817
0.3327662757214378
0.3338375023182701
0.33389922816212436
0.3349617571890855
0.3329264284933315
0.33296602320771257
0.33257081854243237
0.33297318247686913
0.33197430146842444
0.3332532096309822
0.3333981091735744
0.33438442544776853
0.3336985647177496
0.33366129696369173
0.3324466790221319
0.33340802758681676
0.3333546784495105
0.3327699715850734
0.33332620150401815
0.3337992649619319
0.33208865458224
0.33343889568032337
0.33377023148937385
0.3335548567170856
0.334281270644244
0.3332042185949678
0.3335306280801276
0.3334350547870668
0.3340938580386779
0.3324985001517945
0.3331817443380837
0.3336126680384163
0.3335547322736067
0.3329560767201816
0.33217426127746325
0.33316441228409777
0.333035647944242
0.3328643607742646
0.33231179621540197
0.33274633406090137
0.3331482557188563
0.33311829834926027
0.33328874556958177
0.333052167772245
0.3338933590580435
0.3339540350086549
0.3338437458547224
0.3326026615475406
0.3326217035285565
0.3337212482670776
0.3335145890462298
0.33267735307957946
0.3338913469755349
0.3325493227784373
0.33215441783937083
0.3317619597711483
0.33263229109159037
0.3319433507548661
0.3329339624202552
0.3313428214868578
0.3324273346602416
0.33259164991498996
0.3325283001200492
0.33309471011161806
0.3332228010942956
0.3318932701058748
0.33179279014843854
0.33436140994063945
0.33319742404112296
0.3329233265724503
0.3334285352911268
0.3329834516809768
0.3323051059446415
0.33334930223577164
0.33278680917094733
0.3319094960929967
0.33267705072374903
0.33409640874181473
0.33386328353100464
0.3325391741359935
0.3330377407184168
0.33281837240988466
0.332421414641773
0.3329827242288269
0.3328091690770718
0.33317904011542054
0.33258651329689665
0.33323276626462695
0.33211531851972853
0.33378708019476977
0.33322443396103485
0.3341212112613085
0.332769843560307
0.3318286134415314
0.33291712460898554
0.33322400322982243
0.33192088406126036
0.3353468618473085
0.33602175231741255
0.3347890718393967
0.3334566660788881
0.33549421755205683
0.3362219135300452
0.3348766468653158
0.3349558970757893
0.3334585516643123
0.3325730261432023
0.33213007314866333
0.33166965589302927
0.3318026631569662
0.33366417070897686
0.33605182271043793
0.3334982796877372
0.33363691300404175
0.33258340959789373
0.3335142503516013
0.33270967049258093
0.33176324803288243
0.33176535362956905
0.33201932461321854
0.33142728081771305
0.3320304920192526
0.33228152612177264
0.33247456059736363
0.33183558996485063
0.3321210783319313
0.33214467473390724
0.33206786756255047
0.3330690303019115
0.3316805892882227
0.33169573340095393
0.33272890987015574
0.3316491433051454
0.33071401136762957
0.3327413593520637
0.33247295525394566
0.3339988139497132
0.3331850221928428
0.3318869106909808
0.3335634868435499
0.3330559825446425
0.33343771688577506
0.33318305038103535
0.33310278491312717
0.33239691861036447
0.3324893637364652
0.33354476923201265
0.33269768327224153
0.3327560594101914
0.33161619831533995
0.33259609161304826
0.33411336165516314
0.33399411237039484
0.3333500891673465
0.33205448263833504
0.3326303413184751
0.3317351867421334
0.3314783697118278
0.3317189083379858
0.3315893749479486
0.3319112964537965
0.3321090631374792
0.3325576410323632
0.3323099099287466
0.33332694290565845
0.33233679077204537
0.3323281788024582
0.3323313213196121
0.33239972133095524
0.3311010465151122
0.3318965102193736
0.3315887523548944
0.3318274912213077
0.33213725733656846
0.33017171904319476
0.3306975866566185
0.33207329298768723
0.33199617562173794
0.3325191303962419
0.3319168939059522
0.33508731567559125
0.33385410944954685
0.33482673578903455
0.3338325614688777
0.33530051733265404
0.33437848063577125
0.3356381782964498
0.33601573858441425
0.33399440576048456
0.3349706251581176
0.3336843885794407
0.331957700397788
0.3313408611201439
0.3314842013751759
0.3311975208651118
0.3326892999540858
0.33350284497777954
0.3320299834263425
